0 0.521484375 0.798828125 0.5615234375 0.396484375
0 0.744140625 0.6982421875 0.263671875 0.298828125
1 0.59375 0.7021484375 0.07421875 0.091796875
3 0.9609375 0.3056640625 0.0234375 0.080078125
0 0.12109375 0.787109375 0.2421875 0.375
0 0.310546875 0.65234375 0.1904296875 0.220703125
0 0.064453125 0.5869140625 0.1279296875 0.07421875
0 0.1083984375 0.5849609375 0.1533203125 0.11328125
0 0.1015625 0.5302734375 0.1513671875 0.0869140625
0 0.5224609375 0.5615234375 0.130859375 0.1142578125
0 0.6689453125 0.54296875 0.1923828125 0.1630859375
0 0.7529296875 0.6982421875 0.310546875 0.3046875
0 0.283203125 0.47265625 0.099609375 0.0869140625
0 0.3447265625 0.37890625 0.08984375 0.0732421875
0 0.5732421875 0.435546875 0.0791015625 0.107421875
0 0.5673828125 0.3603515625 0.0712890625 0.072265625
0 0.5986328125 0.4111328125 0.099609375 0.09765625
0 0.482421875 0.2861328125 0.0732421875 0.0771484375
0 0.2177734375 0.3017578125 0.068359375 0.08984375
0 0.2314453125 0.2392578125 0.052734375 0.0517578125
0 0.30078125 0.2470703125 0.0537109375 0.07421875
0 0.369140625 0.25 0.0517578125 0.072265625
0 0.6015625 0.2890625 0.078125 0.0673828125
0 0.552734375 0.232421875 0.05078125 0.0654296875
0 0.4111328125 0.181640625 0.0439453125 0.046875
0 0.484375 0.1953125 0.0556640625 0.0625
0 0.3203125 0.1865234375 0.0341796875 0.048828125
1 0.6689453125 0.28125 0.0205078125 0.0830078125