1 0.412109375 0.6181640625 0.1875 0.580078125
3 0.0927734375 0.080078125 0.068359375 0.16015625
3 0.1767578125 0.0888671875 0.05859375 0.177734375
1 0.1904296875 0.59765625 0.087890625 0.3046875
1 0.052734375 0.501953125 0.10546875 0.41796875
1 0.12890625 0.4912109375 0.076171875 0.359375
1 0.5380859375 0.564453125 0.123046875 0.55859375
1 0.6005859375 0.5302734375 0.0654296875 0.4248046875
1 0.6435546875 0.54296875 0.064453125 0.37109375
1 0.794921875 0.5126953125 0.0771484375 0.2783203125
1 0.9130859375 0.6640625 0.173828125 0.62109375
1 0.95703125 0.3916015625 0.0712890625 0.1474609375
3 0.8955078125 0.0791015625 0.1162109375 0.158203125
0 0.716796875 0.4228515625 0.052734375 0.08984375
1 0.3134765625 0.4140625 0.02734375 0.09765625