2 0.701171875 0.5 0.1103515625 0.9970703125
2 0.4169921875 0.4912109375 0.109375 0.978515625
2 0.109375 0.4990234375 0.072265625 0.998046875
2 0.5390625 0.5 0.1123046875 0.998046875
2 0.8173828125 0.4990234375 0.1337890625 0.9970703125
2 0.6279296875 0.482421875 0.095703125 0.96484375
2 0.96875 0.5 0.0615234375 0.9990234375
2 0.494140625 0.47265625 0.095703125 0.9453125
2 0.1796875 0.5 0.0947265625 0.9970703125
2 0.05078125 0.5 0.1005859375 0.9970703125
2 0.298828125 0.474609375 0.080078125 0.9482421875
2 0.25390625 0.45703125 0.15234375 0.9140625
2 0.361328125 0.4609375 0.060546875 0.9189453125