4 0.5556640625 0.546875 0.126953125 0.1455078125
4 0.875 0.5537109375 0.19921875 0.107421875
4 0.1220703125 0.48046875 0.1826171875 0.08984375
4 0.4609375 0.3544921875 0.1416015625 0.052734375
4 0.26171875 0.416015625 0.1474609375 0.064453125
4 0.1298828125 0.3857421875 0.1328125 0.0615234375
4 0.3759765625 0.376953125 0.1396484375 0.0595703125
4 0.57421875 0.31640625 0.095703125 0.0498046875
4 0.2587890625 0.7451171875 0.158203125 0.2265625
4 0.357421875 0.7060546875 0.1953125 0.2275390625
4 0.4658203125 0.6689453125 0.1484375 0.20703125
4 0.6513671875 0.2958984375 0.0859375 0.0439453125
4 0.3623046875 0.314453125 0.1123046875 0.0546875
4 0.474609375 0.294921875 0.103515625 0.0458984375
4 0.5185546875 0.279296875 0.0927734375 0.0439453125
4 0.603515625 0.26171875 0.07421875 0.0361328125
4 0.7314453125 0.4208984375 0.0771484375 0.1123046875
4 0.767578125 0.4033203125 0.0830078125 0.09765625
4 0.853515625 0.4677734375 0.0869140625 0.119140625
4 0.822265625 0.337890625 0.052734375 0.0732421875
4 0.8349609375 0.748046875 0.26171875 0.2392578125
4 0.2705078125 0.3349609375 0.12109375 0.0595703125